500 100 0 0 3 1
500 70 0 0 10 4
70 100 0 0 23 3
150 100 0 1 0 3
150 100 0 2 3 3
300 70 0 2 12 3
300 100 0 2 13 2
500 100 0 3 0 2
200 70 0 4 3 2
100 100 0 4 6 2
150 300 0 4 30 2
200 150 0 5 0 3
200 100 0 6 3 2
100 300 0 5 9 4
70 300 0 6 13 3
100 100 2 0 0 4
150 70 1 0 5 3
300 100 1 0 11 1
70 150 1 0 13 1
70 500 1 2 0 2
300 100 1 2 1 3
300 70 2 2 12 1
100 100 2 1 16 2
300 150 2 3 0 1
150 200 1 4 4 3
70 150 1 4 8 3
70 70 2 4 17 2
70 500 2 5 0 4
150 100 2 6 2 3
100 70 1 5 6 1
100 300 2 5 23 3
500 70 4 0 0 4
70 300 4 0 1 4
200 100 3 0 8 2
100 500 3 0 14 3
200 200 3 2 0 1
100 300 3 1 5 1
70 200 4 2 10 3
100 300 4 2 22 1
300 150 4 4 0 2
100 300 3 4 1 2
70 300 3 3 12 2
70 70 3 4 25 4
150 150 4 6 0 2
500 70 3 5 1 2
150 300 4 6 12 1
150 200 4 5 14 2
150 150 6 0 0 3
150 200 6 0 1 1
100 100 5 0 6 2
200 100 6 0 30 1
500 70 5 1 0 3
200 70 5 1 2 4
100 500 6 2 10 3
70 500 5 2 24 4
70 300 5 3 0 4
200 150 6 4 1 2
150 300 5 4 11 4
100 70 6 3 22 4
150 70 6 6 0 3
500 100 6 6 4 3
300 100 6 5 11 1
300 70 5 5 29 3
