200 100 0 0 0 5 3
150 150 0 0 0 5 1
100 70 0 0 5 0 3
100 70 0 0 2 4 2
200 100 0 0 5 7 1
70 70 0 0 6 0 3
300 200 0 0 6 1 1
70 70 0 0 6 10 3
300 100 0 1 0 0 2
150 300 0 3 0 4 3
70 300 0 3 0 6 2
150 150 0 3 2 0 3
300 200 0 2 2 4 3
100 100 0 1 3 9 1
300 150 0 2 9 0 3
150 70 0 1 11 1 2
100 200 0 1 12 9 3
300 200 0 3 0 0 1
100 300 0 5 0 3 2
70 200 0 5 0 10 1
300 200 0 4 2 0 3
70 150 0 4 1 1 2
300 100 0 3 4 8 3
100 200 0 3 12 0 1
100 200 0 3 8 1 2
300 150 0 4 11 10 1
100 70 1 0 0 0 2
500 70 2 0 0 4 1
100 500 2 0 0 8 2
300 100 2 0 1 0 2
150 70 2 0 4 5 2
70 70 1 0 2 8 3
100 500 3 0 9 0 2
200 100 2 0 12 5 2
70 500 3 0 9 6 3
100 70 2 1 0 0 1
150 70 2 3 0 4 2
300 70 2 1 0 7 3
100 200 3 2 3 0 1
150 100 3 2 3 1 3
70 100 1 2 4 10 1
150 100 3 3 8 0 1
100 150 1 2 12 5 1
100 300 2 1 7 6 1
150 70 1 5 0 0 3
500 70 3 3 0 3 1
70 300 2 5 0 10 1
300 200 2 5 5 0 2
300 200 2 4 1 5 2
200 100 1 5 4 10 2
70 100 3 4 12 0 1
200 100 1 5 12 3 3
100 150 2 3 7 7 2
150 150 5 0 0 0 2
200 300 5 0 0 3 2
200 100 5 0 0 7 2
70 200 3 0 4 0 2
500 70 5 0 2 1 2
70 500 4 0 2 9 1
70 300 3 0 12 0 3
70 150 3 0 12 4 1
200 200 4 0 8 7 3
200 70 3 3 0 0 3
300 150 4 2 0 2 3
500 100 4 2 0 9 3
150 200 3 2 2 0 2
150 70 4 1 3 5 2
300 150 4 3 3 6 3
200 100 5 2 6 0 2
70 100 3 3 9 3 3
100 200 4 3 9 10 2
500 100 5 3 0 0 2
200 300 3 5 0 5 3
300 100 3 5 0 8 1
150 150 5 3 3 0 1
150 200 5 4 4 1 1
100 70 5 5 3 10 1
70 300 4 5 11 0 2
200 300 5 4 12 2 3
300 70 5 4 10 6 2
