200 150 0 0 0 2 2
100 300 0 0 0 6 1
100 100 0 0 3 0 1
150 300 0 0 4 5 1
150 300 0 0 5 7 3
70 300 0 0 8 0 4
70 100 0 0 8 4 3
150 100 0 0 9 8 4
100 150 0 2 0 0 3
100 150 0 2 0 4 2
70 200 0 1 0 6 4
200 100 0 2 1 0 4
70 200 0 1 5 3 4
500 70 0 3 4 8 3
200 300 0 2 9 0 4
300 70 0 2 6 4 1
70 70 0 3 10 6 2
100 100 0 4 0 0 1
300 70 0 5 0 2 3
150 100 0 4 0 8 4
200 200 0 4 2 0 4
200 200 0 5 3 1 4
150 200 0 3 4 6 4
70 70 0 5 10 0 2
500 100 0 5 7 3 1
150 150 0 3 6 8 3
150 150 2 0 0 0 4
100 150 2 0 0 2 1
70 150 3 0 0 7 2
200 200 3 0 5 0 3
70 500 2 0 3 2 2
100 500 2 0 1 8 3
200 200 2 0 6 0 1
70 200 2 0 10 3 2
200 200 3 0 10 7 2
100 200 1 3 0 0 1
500 100 3 2 0 2 4
200 70 1 3 0 6 1
500 70 3 2 1 0 4
200 70 2 1 3 2 2
200 200 1 2 4 7 3
70 100 2 1 7 0 3
500 100 1 2 10 3 4
300 100 3 1 7 6 1
200 70 2 3 0 0 4
500 70 3 4 0 1 4
200 70 2 3 0 6 4
500 70 3 4 1 0 4
100 500 3 3 3 4 3
100 70 2 4 4 7 1
70 500 1 3 8 0 3
100 200 3 3 8 3 3
150 100 1 5 10 6 3
150 100 4 0 0 0 3
70 500 5 0 0 4 3
100 500 3 0 0 8 4
100 70 5 0 3 0 3
70 500 3 0 1 2 2
300 150 3 0 1 8 3
300 70 5 0 7 0 3
70 500 5 0 9 5 1
150 150 5 0 8 7 2
200 150 4 2 0 0 3
70 150 4 3 0 4 2
150 150 5 1 0 6 3
150 300 5 1 2 0 1
150 300 3 1 1 4 1
150 150 3 1 3 7 4
150 200 4 1 6 0 1
200 200 4 1 9 2 1
100 500 5 2 8 7 2
200 300 4 4 0 0 1
150 300 4 4 0 3 2
100 200 4 5 0 6 4
300 100 5 4 4 0 4
300 70 4 5 3 2 3
150 100 5 3 5 6 2
200 300 3 5 7 0 3
300 200 5 4 8 4 1
150 150 5 5 6 6 1
