100 200 0 0 4 2
100 500 0 0 8 3
100 100 0 0 16 3
100 150 0 2 0 1
100 150 0 2 5 3
300 200 0 1 8 1
500 70 0 2 16 3
300 100 0 3 0 2
70 200 0 3 3 1
70 70 0 3 9 2
70 150 0 3 15 3
100 300 0 6 0 1
300 70 0 6 1 3
150 200 0 6 10 1
500 70 0 6 18 1
300 70 1 0 0 2
150 70 2 0 3 1
100 300 2 0 10 2
300 70 1 0 13 1
100 500 1 1 0 2
500 100 1 1 2 3
70 300 2 1 6 2
100 200 2 2 18 1
70 300 2 4 0 1
100 200 2 4 4 1
150 300 1 3 12 1
200 70 1 4 16 2
150 150 1 5 0 2
300 200 2 6 4 3
500 70 2 5 10 1
300 100 2 6 14 1
500 100 4 0 0 3
300 150 3 0 5 1
70 500 3 0 7 2
200 100 4 0 15 2
70 500 4 1 0 3
200 70 4 2 4 3
150 200 4 1 10 1
300 150 3 1 16 2
100 150 4 4 0 1
300 150 4 3 5 1
100 300 3 4 12 1
150 100 3 4 13 1
200 70 4 5 0 2
100 300 4 5 1 1
300 200 3 6 10 3
70 70 4 6 13 2
150 200 6 0 0 3
100 100 5 0 5 2
100 70 5 0 10 3
500 100 6 0 13 2
200 100 5 2 0 2
300 200 5 2 2 3
500 100 5 1 11 1
150 150 6 1 18 3
150 150 5 4 0 1
150 200 5 3 4 1
100 70 6 3 7 2
150 70 5 3 14 2
100 200 6 6 0 2
300 150 6 5 4 1
100 200 6 6 6 3
300 200 5 5 13 2
