100 300 0 0 1 1
300 100 0 0 12 1
70 150 0 0 16 2
70 500 0 1 0 1
150 100 0 1 2 1
150 100 0 2 6 1
100 100 0 2 14 1
200 70 0 4 0 2
300 100 0 3 1 3
70 100 0 3 6 3
100 200 0 4 15 1
500 70 0 5 0 2
150 70 0 5 4 2
500 70 0 6 11 1
500 100 0 5 14 1
150 300 2 0 0 2
200 300 1 0 2 2
300 150 1 0 8 1
70 500 1 0 15 1
70 70 2 1 0 3
70 200 1 2 1 1
150 300 2 2 12 3
200 200 1 2 17 1
70 150 2 3 0 3
300 150 1 3 4 1
70 200 2 4 7 1
500 100 1 3 16 1
300 150 2 6 0 3
70 100 1 6 5 2
100 200 1 5 7 1
300 150 1 5 18 3
150 300 4 0 0 2
500 70 3 0 1 2
70 100 3 0 8 1
70 500 4 0 18 3
70 100 4 1 0 2
70 150 3 2 4 2
150 150 4 1 8 1
200 70 3 1 13 3
500 70 3 3 0 1
300 100 4 3 4 2
150 200 4 3 8 1
200 150 4 4 14 1
150 100 3 5 0 2
150 100 4 6 1 3
500 100 3 5 10 3
200 150 3 5 15 3
70 70 6 0 0 2
150 300 6 0 5 1
300 100 6 0 8 3
150 300 5 0 15 3
100 70 5 1 0 1
100 300 5 1 5 1
200 70 6 1 7 2
70 300 5 2 16 1
70 500 5 4 0 1
200 300 5 4 5 3
100 70 6 3 6 2
300 200 5 4 15 1
200 200 5 6 0 2
100 100 6 5 4 1
70 150 5 6 10 2
100 150 6 6 16 3
