300 100 0 0 2 4
100 150 0 0 10 1
300 150 0 0 17 2
70 70 0 1 0 2
70 500 0 1 3 4
100 70 0 1 8 4
100 100 0 1 18 1
70 500 0 3 0 4
200 200 0 3 1 4
500 100 0 4 10 3
150 70 0 3 16 3
200 300 0 6 0 2
100 70 0 6 2 2
100 70 0 5 11 2
300 150 0 6 13 2
300 150 2 0 0 2
70 200 1 0 5 1
300 200 1 0 9 2
300 150 1 0 15 2
100 200 2 2 0 3
150 150 2 2 5 3
200 100 1 2 9 4
200 100 1 1 14 2
300 100 2 3 0 3
100 150 1 3 1 3
100 500 1 3 8 2
70 500 1 3 18 4
150 100 1 5 0 1
300 150 1 6 2 1
150 300 1 5 6 4
100 200 2 6 15 2
150 200 4 0 0 2
500 100 4 0 4 4
70 500 4 0 8 1
100 200 3 0 15 3
70 150 3 2 0 4
70 200 3 1 2 1
70 200 4 2 11 2
100 200 3 2 14 3
200 70 4 3 0 1
150 200 3 4 2 1
150 100 3 3 6 1
200 70 3 3 15 1
150 300 4 5 0 3
100 70 3 5 2 3
100 70 4 6 11 3
100 300 3 5 17 4
150 300 5 0 0 1
100 70 5 0 5 1
300 150 5 0 12 4
150 200 6 0 14 2
200 100 6 1 0 3
100 200 5 2 4 3
150 300 6 1 8 1
100 70 6 1 14 2
200 100 5 4 0 4
70 100 6 4 2 2
200 150 5 4 11 4
150 100 5 4 15 4
70 300 6 6 0 3
100 70 5 6 2 4
150 200 6 6 6 1
300 70 5 5 16 1
