100 500 0 0 3 3
500 100 0 0 12 3
100 150 0 0 23 1
150 100 0 1 0 1
70 300 0 1 4 2
200 150 0 2 10 1
150 70 0 2 22 2
500 70 0 3 0 3
150 300 0 4 3 3
70 70 0 3 7 2
200 100 0 3 28 2
150 100 0 5 0 3
70 100 0 5 5 2
70 300 0 6 12 3
300 100 0 6 21 2
70 300 1 0 0 3
200 70 2 0 3 3
500 100 2 0 7 1
200 200 1 0 22 1
200 200 1 1 0 1
100 150 2 2 1 3
200 70 1 1 11 3
300 150 1 1 30 3
100 70 2 4 0 3
500 70 1 3 4 3
150 70 2 3 10 1
300 150 1 4 23 2
100 500 2 5 0 3
150 70 2 5 5 3
500 70 1 5 6 1
150 150 1 5 18 1
500 70 3 0 0 2
150 100 3 0 2 2
100 70 3 0 6 3
300 70 4 0 23 1
150 200 4 1 0 3
100 200 3 1 4 3
70 500 4 2 11 2
100 100 3 2 25 2
150 150 4 3 0 2
200 150 3 4 1 1
200 150 4 4 9 1
100 500 4 4 24 1
150 100 4 6 0 3
100 300 3 5 1 3
70 100 4 5 10 2
500 70 3 5 21 3
70 100 6 0 0 2
200 200 6 0 5 1
150 200 6 0 9 3
200 300 5 0 28 2
70 150 5 1 0 2
200 300 5 2 3 3
300 100 5 1 7 2
200 70 5 1 21 1
100 300 5 4 0 2
150 70 5 4 2 2
150 100 6 3 7 1
70 200 5 4 23 1
100 150 5 6 0 3
200 100 5 5 4 1
150 200 5 5 8 2
150 300 6 6 22 3
