150 300 0 0 0 3 1
100 500 0 0 0 8 3
300 200 0 0 4 0 1
200 70 0 0 5 5 2
200 300 0 0 3 7 2
70 150 0 0 9 0 3
100 70 0 0 10 5 3
70 200 0 0 6 7 2
200 150 0 2 0 0 2
70 200 0 3 0 3 1
100 150 0 1 0 7 3
70 70 0 3 1 0 1
70 100 0 3 5 5 2
300 100 0 2 2 6 3
300 200 0 1 10 0 2
200 200 0 1 9 5 1
100 150 0 3 10 8 2
300 200 0 4 0 0 2
100 70 0 3 0 2 1
300 70 0 5 0 6 2
100 150 0 5 5 0 1
500 70 0 3 5 4 3
500 70 0 4 3 8 1
70 70 0 5 10 0 3
200 70 0 3 6 3 3
100 150 0 4 6 7 1
100 300 2 0 0 0 3
70 70 3 0 0 5 1
150 70 2 0 0 8 1
100 200 3 0 1 0 3
500 70 1 0 4 1 1
500 70 1 0 1 8 2
200 300 1 0 10 0 2
500 70 1 0 10 3 2
150 300 2 0 6 6 2
150 100 1 1 0 0 3
100 70 3 1 0 1 2
100 100 1 1 0 8 1
70 300 3 3 1 0 2
100 100 2 2 5 1 2
300 200 1 2 2 6 2
200 70 3 3 6 0 2
150 300 1 2 6 2 2
200 300 3 1 7 7 1
150 100 2 4 0 0 3
70 500 1 3 0 5 3
100 100 1 3 0 8 1
100 200 2 3 1 0 1
300 200 3 5 1 1 2
100 100 2 5 4 6 2
100 150 3 5 9 0 1
300 150 1 3 8 3 3
100 300 3 4 8 6 1
70 300 4 0 0 0 2
100 100 3 0 0 2 3
300 70 5 0 0 6 3
100 70 5 0 3 0 3
150 300 5 0 2 4 2
150 300 5 0 4 8 3
500 100 4 0 10 0 1
200 300 3 0 7 4 3
200 70 4 0 9 6 3
70 150 4 1 0 0 3
300 70 4 3 0 2 1
100 150 5 3 0 7 1
200 70 3 3 3 0 3
300 200 4 3 4 5 3
70 70 3 2 2 6 2
500 70 4 2 9 0 1
200 200 4 2 7 2 1
300 150 5 3 9 7 2
150 150 4 3 0 0 3
100 300 3 4 0 2 1
100 200 4 4 0 8 1
100 300 5 5 4 0 2
70 200 3 4 5 4 2
70 100 4 5 4 7 1
70 300 5 3 9 0 2
500 100 5 4 7 2 2
100 500 5 3 9 7 1
